Index,Molecular Weight (MW),CharVol (characteristic volume),Flexibility (number of rotatable bonds / number of bonds),Number of Heavy Atoms (HA),RingAtoms,Halogens,HeteroAtoms,RotBonds (NRotB),AllBonds,RingCount,NumStereo,Fraction of sp3 Carbon Atoms (FSP3),Hydrogen Bond Donors (HBD),Hydrogen Bond Acceptors (HBA),cLogD^7.4,Topological polar surface area (TPSA),Total non-polar surface area (TNSA),Ensemble_Average_PSA_Chloroform_ANI,Ensemble_Average_Num_IMHB_Chloroform_ANI,Ensemble_Average_RadiusOfGyration_Chloroform_ANI,P_app,NegLog_P_app,target,target_label
1,896.9989999999999,800.5920000000002,0.2535211267605634,65.0,42.0,0.0,19.0,18.0,71.0,7.0,2.0,0.45652173913043476,3.0,14.0,2.6440000000000063,209.98,710.02,193.71,0.97,5.68,31.01612484,-1.4915875360393267,0,Low
2,852.9019999999999,744.5440000000002,0.19117647058823528,62.0,42.0,0.0,19.0,13.0,68.0,7.0,2.0,0.3953488372093023,3.0,13.0,1.763900000000005,217.82,642.1800000000001,252.14,0.87,5.24,11.17139204,-1.0481072928669914,0,Low
3,850.9299999999998,758.2560000000002,0.19117647058823528,62.0,42.0,0.0,18.0,13.0,68.0,7.0,2.0,0.4090909090909091,3.0,12.0,2.457500000000004,208.58999999999997,671.4100000000001,248.01,0.67,5.47,6.480740698,-0.8116246451716183,1,Moderate
4,1020.21,899.0000000000002,0.27631578947368424,71.0,33.0,3.0,20.0,21.0,76.0,6.0,3.0,0.47058823529411764,3.0,12.0,7.70720000000001,186.66000000000003,833.3399999999999,186.01,0.6,5.84,2.9,-0.4623979978989561,1,Moderate
5,1012.7039999999997,,0.23684210526315788,70.0,39.0,1.0,20.0,18.0,76.0,7.0,3.0,0.46,5.0,14.0,7.429460000000008,214.97999999999996,785.02,105.63,2.92,5.6,0.4,0.3979400086720376,2,High
6,837.83,697.7920000000001,0.265625,59.0,34.0,3.0,19.0,17.0,64.0,6.0,1.0,0.375,1.0,12.0,4.402580000000003,177.04000000000002,622.96,204.17,0.29,5.23,49.0,-1.6901960800285136,0,Low
7,1006.183,880.5200000000002,0.26666666666666666,70.0,33.0,3.0,20.0,20.0,75.0,6.0,3.0,0.46,3.0,12.0,7.31710000000001,186.66000000000003,813.3399999999999,175.16,0.32,5.41,13.7,-1.1367205671564067,0,Low
8,1128.1499999999994,927.7120000000002,0.25609756097560976,77.0,33.0,9.0,26.0,21.0,82.0,6.0,3.0,0.47058823529411764,3.0,12.0,8.442800000000007,186.66000000000003,833.3399999999999,160.07,0.93,5.93,3.2,-0.505149978319906,1,Moderate
9,1022.182,890.3760000000002,0.27631578947368424,71.0,33.0,3.0,21.0,21.0,76.0,6.0,3.0,0.46,3.0,13.0,6.553500000000008,195.89000000000004,804.1099999999999,197.66,1.64,5.16,17.2,-1.235528446907549,0,Low
10,1078.1429999999998,897.2560000000002,0.25316455696202533,74.0,33.0,7.0,24.0,20.0,79.0,6.0,3.0,0.46,3.0,12.0,7.80750000000001,186.66000000000003,813.3399999999999,217.11,0.0,5.63,1.3,-0.11394335230683678,2,High
11,722.8470000000002,660.0160000000002,0.27586206896551724,53.0,34.0,0.0,14.0,16.0,58.0,6.0,1.0,0.4358974358974359,3.0,11.0,4.257760000000002,177.39,602.61,174.83,2.03,4.64,21.8,-1.3384564936046048,0,Low
12,917.851,766.4000000000002,0.2777777777777778,66.0,40.0,3.0,22.0,20.0,72.0,7.0,1.0,0.3409090909090909,4.0,15.0,4.378400000000002,242.77999999999997,637.22,243.14,1.81,5.07,41.2,-1.6148972160331345,0,Low
13,1061.15,917.2720000000002,0.2839506172839506,75.0,39.0,3.0,23.0,23.0,81.0,7.0,3.0,0.4230769230769231,5.0,16.0,6.189420000000009,241.76,798.24,155.46,3.16,5.39,23.5,-1.3710678622717363,0,Low
14,1024.5289999999998,892.9200000000002,0.3375,73.0,46.0,1.0,22.0,27.0,80.0,8.0,1.0,0.4117647058823529,6.0,16.0,5.253200000000006,262.75999999999993,757.24,241.95,3.0,5.42,14.1,-1.14921911265538,0,Low
15,788.3489999999997,698.8240000000002,0.09230769230769231,57.0,51.0,1.0,13.0,6.0,65.0,9.0,2.0,0.45454545454545453,1.0,9.0,5.366280000000004,137.37,742.63,261.21,0.0,8.77,1.0,-0.0,2,High
16,1459.4109999999985,1291.9760000000003,0.23636363636363636,101.0,58.0,4.0,25.0,26.0,110.0,10.0,4.0,0.42105263157894735,2.0,13.0,12.292999999999989,216.79000000000002,1303.21,119.69,2.38,6.7,0.3,0.5228787452803376,2,High
17,775.826,670.1280000000002,0.13636363636363635,58.0,52.0,0.0,15.0,9.0,66.0,9.0,2.0,0.20930232558139536,3.0,12.0,5.358400000000003,194.73999999999998,665.26,301.96,0.0,8.7,0.1,1.0,2,High
18,903.934,790.1040000000002,0.23529411764705882,62.0,39.0,2.0,17.0,16.0,68.0,7.0,5.0,0.4444444444444444,3.0,12.0,7.775360000000009,177.07,722.9300000000001,149.92,2.01,4.97,8.9,-0.9493900066449128,1,Moderate
19,1008.0389999999995,884.4000000000002,0.29333333333333333,69.0,39.0,2.0,20.0,22.0,75.0,7.0,5.0,0.4897959183673469,3.0,15.0,6.963280000000008,204.76,775.24,161.36,2.54,5.37,11.8,-1.0718820073061255,0,Low
20,1070.7359999999992,943.1440000000002,0.2839506172839506,74.0,44.0,1.0,21.0,23.0,81.0,8.0,5.0,0.4716981132075472,3.0,17.0,7.74180000000001,217.64999999999998,842.35,145.6,2.24,5.33,8.8,-0.9444826721501687,1,Moderate
21,930.9599999999998,814.6400000000002,0.22857142857142856,64.0,39.0,2.0,18.0,16.0,70.0,7.0,5.0,0.43478260869565216,4.0,12.0,6.801280000000009,196.94,723.06,134.68,3.02,5.2,6.7,-0.8260748027008264,1,Moderate
22,991.0119999999998,864.0240000000002,0.2702702702702703,68.0,39.0,2.0,20.0,20.0,74.0,7.0,5.0,0.4583333333333333,4.0,14.0,6.054280000000009,215.39999999999998,744.6,137.19,3.9,5.6,6.0,-0.7781512503836436,1,Moderate
23,1035.0649999999998,906.3040000000002,0.2987012987012987,71.0,39.0,2.0,21.0,23.0,77.0,7.0,5.0,0.48,4.0,15.0,6.070880000000009,224.62999999999994,775.3700000000001,132.52,2.23,5.94,4.7,-0.6720978579357175,1,Moderate
24,993.6569999999997,874.3440000000002,0.2236842105263158,69.0,44.0,1.0,19.0,17.0,76.0,8.0,5.0,0.42,4.0,14.0,7.57980000000001,209.82999999999998,790.1700000000001,134.46,3.97,5.43,4.0,-0.6020599913279624,1,Moderate
25,1053.7089999999996,924.1040000000003,0.2625,73.0,44.0,1.0,21.0,21.0,80.0,8.0,5.0,0.4423076923076923,4.0,16.0,6.83280000000001,228.28999999999996,811.71,201.37,2.62,5.71,3.9,-0.5910646070264992,1,Moderate
26,1097.7619999999995,967.7360000000002,0.2891566265060241,76.0,44.0,1.0,22.0,24.0,83.0,8.0,5.0,0.46296296296296297,4.0,17.0,6.849400000000011,237.51999999999992,842.48,189.5,3.83,5.28,3.8,-0.5797835966168101,1,Moderate
27,1050.7049999999997,923.2800000000002,0.25,73.0,44.0,1.0,20.0,20.0,80.0,8.0,5.0,0.4339622641509434,3.0,16.0,7.40608000000001,208.41999999999996,851.58,170.24,2.48,5.45,7.3,-0.8633228601204559,1,Moderate
28,890.4579999999999,768.0400000000002,0.2318840579710145,62.0,46.0,3.0,18.0,16.0,69.0,8.0,1.0,0.45454545454545453,3.0,11.0,6.592000000000006,156.1,723.9,139.42,2.0,5.13,3.4,-0.5314789170422551,1,Moderate
29,1019.7109999999994,902.3520000000002,0.23376623376623376,70.0,43.0,2.0,20.0,18.0,77.0,8.0,3.0,0.54,5.0,14.0,6.6969200000000075,194.25,805.75,174.1,3.0,5.32,10.3,-1.0128372247051722,0,Low
30,962.0690000000002,833.2000000000002,0.2702702702702703,68.0,41.0,3.0,22.0,20.0,74.0,7.0,1.0,0.41304347826086957,5.0,14.0,4.948900000000004,218.38,701.62,226.08,1.06,5.65,3.2,-0.505149978319906,1,Moderate
31,823.3109999999999,710.5520000000001,0.2153846153846154,59.0,41.0,1.0,18.0,14.0,65.0,7.0,1.0,0.3170731707317073,5.0,13.0,4.317600000000003,207.29999999999995,612.7,192.67,3.93,5.25,25.7,-1.4099331233312946,0,Low
32,1002.6609999999996,882.8720000000002,0.26666666666666666,69.0,39.0,1.0,20.0,20.0,75.0,7.0,4.0,0.46938775510204084,4.0,15.0,5.596680000000007,211.48999999999995,768.51,131.56,2.0,5.32,9.9,-0.9956351945975499,1,Moderate
